0.000000000000000000e+00
1.999999949475750327e-04
3.999999898951500654e-04
6.000000284984707832e-04
7.999999797903001308e-04
1.000000047497451305e-03
1.200000056996941566e-03
1.399999950081110001e-03
1.599999959580600262e-03
1.799999969080090523e-03
2.000000094994902611e-03
2.199999988079071045e-03
2.400000113993883133e-03
2.600000007078051567e-03
2.799999900162220001e-03
3.000000026077032089e-03
3.199999919161200523e-03
3.400000045076012611e-03
3.599999938160181046e-03
3.800000064074993134e-03
4.000000189989805222e-03
4.199999850243330002e-03
4.399999976158142090e-03
4.600000102072954178e-03
4.800000227987766266e-03
4.999999888241291046e-03
5.200000014156103134e-03
5.400000140070915222e-03
5.599999800324440002e-03
5.799999926239252090e-03
6.000000052154064178e-03
6.200000178068876266e-03
6.399999838322401047e-03
6.599999964237213135e-03
6.800000090152025223e-03
7.000000216066837311e-03
7.199999876320362091e-03
7.400000002235174179e-03
7.600000128149986267e-03
7.799999788403511047e-03
8.000000379979610443e-03
8.200000040233135223e-03
8.399999700486660004e-03
8.600000292062759399e-03
8.799999952316284180e-03
8.999999612569808960e-03
9.200000204145908356e-03
9.399999864399433136e-03
9.600000455975532532e-03
9.800000116229057312e-03
9.999999776482582092e-03
1.020000036805868149e-02
1.040000002831220627e-02
1.059999968856573105e-02
1.080000028014183044e-02
1.099999994039535522e-02
1.119999960064888000e-02
1.140000019222497940e-02
1.159999985247850418e-02
1.180000044405460358e-02
1.200000010430812836e-02
1.219999976456165314e-02
